0 1530.000000000000000
1 1690.000000000000000
2 1695.000000000000000
3 1674.000000000000000
4 1630.000000000000000
5 1679.000000000000000
6 1678.000000000000000
7 1699.000000000000000
8 1799.000000000000000
9 1898.000000000000000
10 1914.000000000000000
11 1854.000000000000000
12 1861.000000000000000
13 1734.000000000000000
14 1706.000000000000000
15 1743.000000000000000
16 1715.000000000000000
17 1793.000000000000000
18 1910.000000000000000
19 1929.000000000000000
20 2028.000000000000000
21 2126.000000000000000
22 2061.000000000000000
23 2114.000000000000000
24 2096.000000000000000
25 2096.000000000000000
26 2070.000000000000000
27 2034.000000000000000
28 2058.000000000000000
29 2061.000000000000000
30 2160.000000000000000
31 2101.000000000000000
32 2070.000000000000000
33 2097.000000000000000
34 2099.000000000000000
35 2182.000000000000000
36 2315.000000000000000
37 2378.000000000000000
38 2380.000000000000000
39 2292.000000000000000
40 2243.000000000000000
41 2300.000000000000000
42 2369.000000000000000
43 2436.000000000000000
44 2490.000000000000000
45 2469.000000000000000
46 2419.000000000000000
47 2298.000000000000000
48 2354.000000000000000
49 2354.000000000000000
50 2430.000000000000000
51 2462.000000000000000
52 2410.000000000000000
53 2349.000000000000000
54 2338.000000000000000
55 2418.000000000000000
56 2455.000000000000000
57 2545.000000000000000
58 2470.000000000000000
59 2433.000000000000000
60 2431.000000000000000
61 2385.000000000000000
62 2354.000000000000000
63 2439.000000000000000
64 2465.000000000000000
65 2485.000000000000000
66 2496.000000000000000
67 2355.000000000000000
68 2310.000000000000000
69 2333.000000000000000
70 2410.000000000000000
71 2496.000000000000000
72 2502.000000000000000
73 2405.000000000000000
74 2254.000000000000000
75 2125.000000000000000
76 2036.000000000000000
77 1952.000000000000000
78 1876.000000000000000
79 1935.000000000000000
80 1885.000000000000000
81 1820.000000000000000
82 1775.000000000000000
83 1616.000000000000000
84 1648.000000000000000
85 1623.000000000000000
86 1620.000000000000000
87 1617.000000000000000
88 1635.000000000000000
89 1781.000000000000000
90 1935.000000000000000
91 2106.000000000000000
92 2175.000000000000000
93 2245.000000000000000
94 2171.000000000000000
95 2106.000000000000000
96 2074.000000000000000
97 1911.000000000000000
98 1872.000000000000000
99 1856.000000000000000
100 1889.000000000000000
101 1839.000000000000000
102 1742.000000000000000
103 1721.000000000000000
104 1750.000000000000000
105 1702.000000000000000
106 1733.000000000000000
107 1754.000000000000000
108 1815.000000000000000
109 1926.000000000000000
110 1968.000000000000000
111 1973.000000000000000
112 1942.000000000000000
113 1891.000000000000000
114 1770.000000000000000
115 1782.000000000000000
116 1814.000000000000000
117 1716.000000000000000
118 1701.000000000000000
119 1651.000000000000000
120 1587.000000000000000
121 1564.000000000000000
122 1535.000000000000000
123 1569.000000000000000
124 1581.000000000000000
125 1649.000000000000000
126 1669.000000000000000
127 1776.000000000000000
128 1894.000000000000000
129 1918.000000000000000
130 1919.000000000000000
131 1886.000000000000000
132 1885.000000000000000
133 1812.000000000000000
134 1663.000000000000000
135 1489.000000000000000
136 1456.000000000000000
137 1435.000000000000000
138 1353.000000000000000
139 1359.000000000000000
140 1421.000000000000000
141 1377.000000000000000
142 1405.000000000000000
143 1526.000000000000000
144 1625.000000000000000
145 1733.000000000000000
146 1823.000000000000000
147 1826.000000000000000
148 1825.000000000000000
149 1790.000000000000000
150 1807.000000000000000
151 1840.000000000000000
152 1846.000000000000000
153 1763.000000000000000
154 1584.000000000000000
155 1435.000000000000000
156 1327.000000000000000
157 1234.000000000000000
158 1214.000000000000000
159 1145.000000000000000
160 1167.000000000000000
161 1287.000000000000000
162 1410.000000000000000
163 1639.000000000000000
164 1856.000000000000000
165 1936.000000000000000
166 1982.000000000000000
167 1974.000000000000000
168 1948.000000000000000
169 1919.000000000000000
170 1972.000000000000000
171 2004.000000000000000
172 2079.000000000000000
173 1997.000000000000000
174 1890.000000000000000
175 1841.000000000000000
176 1908.000000000000000
177 1923.000000000000000
178 1957.000000000000000
179 2032.000000000000000
180 2080.000000000000000
181 2047.000000000000000
182 2064.000000000000000
183 2071.000000000000000
184 2064.000000000000000
185 2130.000000000000000
186 2187.000000000000000
187 2203.000000000000000
188 2215.000000000000000
189 2122.000000000000000
190 1981.000000000000000
191 1936.000000000000000
192 1918.000000000000000
193 1878.000000000000000
194 1878.000000000000000
195 1822.000000000000000
196 1840.000000000000000
197 1936.000000000000000
198 2030.000000000000000
199 2123.000000000000000
200 2216.000000000000000
201 2219.000000000000000
202 2266.000000000000000
203 2301.000000000000000
204 2322.000000000000000
205 2299.000000000000000
206 2227.000000000000000
207 2190.000000000000000
208 2240.000000000000000
209 2245.000000000000000
210 2182.000000000000000
211 2103.000000000000000
212 2144.000000000000000
213 2128.000000000000000
214 2148.000000000000000
215 2235.000000000000000
216 2288.000000000000000
217 2337.000000000000000
218 2393.000000000000000
219 2436.000000000000000
220 2359.000000000000000
221 2338.000000000000000
222 2403.000000000000000
223 2451.000000000000000
224 2598.000000000000000
225 2626.000000000000000
226 2576.000000000000000
227 2660.000000000000000
228 2624.000000000000000
229 2509.000000000000000
230 2406.000000000000000
231 2320.000000000000000
232 2215.000000000000000
233 2224.000000000000000
234 2208.000000000000000
235 2171.000000000000000
236 2219.000000000000000
237 2259.000000000000000
238 2320.000000000000000
239 2351.000000000000000
240 2272.000000000000000
241 2149.000000000000000
242 2089.000000000000000
243 2059.000000000000000
244 2064.000000000000000
245 2077.000000000000000
246 2083.000000000000000
247 2031.000000000000000
248 2091.000000000000000
249 2010.000000000000000
250 1875.000000000000000
251 1917.000000000000000
252 1998.000000000000000
253 2039.000000000000000
254 2030.000000000000000
255 2096.000000000000000
256 2097.000000000000000
257 2081.000000000000000
258 2128.000000000000000
259 2090.000000000000000
260 1998.000000000000000
261 1904.000000000000000
262 1772.000000000000000
263 1754.000000000000000
264 1687.000000000000000
265 1683.000000000000000
266 1726.000000000000000
267 1667.000000000000000
268 1584.000000000000000
269 1531.000000000000000
270 1461.000000000000000
271 1419.000000000000000
272 1559.000000000000000
273 1661.000000000000000
274 1735.000000000000000
275 1754.000000000000000
276 1795.000000000000000
277 1695.000000000000000
278 1662.000000000000000
279 1620.000000000000000
280 1627.000000000000000
281 1616.000000000000000
282 1648.000000000000000
283 1662.000000000000000
284 1741.000000000000000
285 1776.000000000000000
286 1801.000000000000000
287 1810.000000000000000
288 1775.000000000000000
289 1735.000000000000000
290 1615.000000000000000
291 1622.000000000000000
292 1680.000000000000000
293 1747.000000000000000
294 1798.000000000000000
295 1827.000000000000000
296 1839.000000000000000
297 1810.000000000000000
298 1725.000000000000000
299 1729.000000000000000
300 1678.000000000000000
301 1663.000000000000000
302 1756.000000000000000
303 1808.000000000000000
304 1803.000000000000000
305 1837.000000000000000
306 1904.000000000000000
307 1875.000000000000000
308 1893.000000000000000
309 1888.000000000000000
310 1901.000000000000000
311 1904.000000000000000
312 1930.000000000000000
313 1851.000000000000000
314 1751.000000000000000
315 1581.000000000000000
316 1459.000000000000000
317 1361.000000000000000
318 1414.000000000000000
319 1486.000000000000000
320 1462.000000000000000
321 1491.000000000000000
322 1583.000000000000000
323 1616.000000000000000
324 1710.000000000000000
325 1787.000000000000000
326 1799.000000000000000
327 1810.000000000000000
328 1749.000000000000000
329 1616.000000000000000
330 1607.000000000000000
331 1615.000000000000000
332 1709.000000000000000
333 1810.000000000000000
334 1795.000000000000000
335 1751.000000000000000
336 1685.000000000000000
337 1647.000000000000000
338 1647.000000000000000
339 1693.000000000000000
340 1743.000000000000000
341 1808.000000000000000
342 1840.000000000000000
343 1774.000000000000000
344 1747.000000000000000
345 1769.000000000000000
346 1916.000000000000000
347 2033.000000000000000
348 2076.000000000000000
349 2041.000000000000000
350 1937.000000000000000
351 1840.000000000000000
352 1776.000000000000000
353 1710.000000000000000
354 1680.000000000000000
355 1823.000000000000000
356 1954.000000000000000
357 2123.000000000000000
358 2196.000000000000000
359 2176.000000000000000
360 2285.000000000000000
361 2295.000000000000000
362 2307.000000000000000
363 2336.000000000000000
364 2299.000000000000000
365 2335.000000000000000
366 2358.000000000000000
367 2384.000000000000000
368 2352.000000000000000
369 2295.000000000000000
370 2256.000000000000000
371 2192.000000000000000
372 2190.000000000000000
373 2199.000000000000000
374 2212.000000000000000
375 2263.000000000000000
376 2289.000000000000000
377 2368.000000000000000
378 2368.000000000000000
379 2384.000000000000000
380 2359.000000000000000
381 2379.000000000000000
382 2416.000000000000000
383 2432.000000000000000
384 2464.000000000000000
385 2551.000000000000000
386 2535.000000000000000
387 2418.000000000000000
388 2388.000000000000000
389 2381.000000000000000
390 2320.000000000000000
391 2239.000000000000000
392 2175.000000000000000
393 2170.000000000000000
394 2165.000000000000000
395 2154.000000000000000
396 2241.000000000000000
397 2247.000000000000000
398 2222.000000000000000
399 2202.000000000000000
400 2160.000000000000000
401 2159.000000000000000
402 2127.000000000000000
403 2038.000000000000000
404 1984.000000000000000
405 1955.000000000000000
406 1919.000000000000000
407 1887.000000000000000
408 1840.000000000000000
409 1811.000000000000000
410 1854.000000000000000
411 1857.000000000000000
412 1827.000000000000000
413 1796.000000000000000
414 1824.000000000000000
415 1815.000000000000000
416 1855.000000000000000
417 1947.000000000000000
418 2014.000000000000000
419 2060.000000000000000
420 2032.000000000000000
421 2014.000000000000000
422 1984.000000000000000
423 1810.000000000000000
424 1667.000000000000000
425 1691.000000000000000
426 1710.000000000000000
427 1863.000000000000000
428 1862.000000000000000
429 1903.000000000000000
430 1885.000000000000000
431 1805.000000000000000
432 1766.000000000000000
433 1755.000000000000000
434 1728.000000000000000
435 1743.000000000000000
436 1826.000000000000000
437 1902.000000000000000
438 1973.000000000000000
439 1968.000000000000000
440 1970.000000000000000
441 1910.000000000000000
442 1861.000000000000000
443 1819.000000000000000
444 1714.000000000000000
445 1774.000000000000000
446 1831.000000000000000
447 1899.000000000000000
448 1904.000000000000000
449 1803.000000000000000
450 1750.000000000000000
451 1662.000000000000000
452 1631.000000000000000
453 1682.000000000000000
454 1735.000000000000000
455 1811.000000000000000
456 1887.000000000000000
457 1919.000000000000000
458 1872.000000000000000
459 1727.000000000000000
460 1638.000000000000000
461 1590.000000000000000
462 1590.000000000000000
463 1611.000000000000000
464 1699.000000000000000
465 1818.000000000000000
466 1936.000000000000000
467 1954.000000000000000
468 1960.000000000000000
469 1883.000000000000000
470 1805.000000000000000
471 1687.000000000000000
472 1665.000000000000000
473 1659.000000000000000
474 1670.000000000000000
475 1712.000000000000000
476 1795.000000000000000
477 1816.000000000000000
478 1715.000000000000000
479 1642.000000000000000
480 1573.000000000000000
481 1555.000000000000000
482 1616.000000000000000
483 1689.000000000000000
484 1761.000000000000000
485 1802.000000000000000
486 1808.000000000000000
487 1773.000000000000000
488 1703.000000000000000
489 1638.000000000000000
490 1583.000000000000000
491 1597.000000000000000
492 1686.000000000000000
493 1755.000000000000000
494 1849.000000000000000
495 1872.000000000000000
496 1871.000000000000000
497 1840.000000000000000
498 1827.000000000000000
499 1818.000000000000000
500 1861.000000000000000
501 1909.000000000000000
502 1979.000000000000000
503 1965.000000000000000
504 1971.000000000000000
505 2038.000000000000000
506 2011.000000000000000
507 1967.000000000000000
508 1903.000000000000000
509 1826.000000000000000
510 1746.000000000000000
511 1702.000000000000000
512 1714.000000000000000
513 1676.000000000000000
514 1637.000000000000000
515 1719.000000000000000
516 1761.000000000000000
517 1825.000000000000000
518 1907.000000000000000
519 1951.000000000000000
520 1980.000000000000000
521 1970.000000000000000
522 1954.000000000000000
523 1921.000000000000000
524 1927.000000000000000
525 1981.000000000000000
526 1998.000000000000000
527 2006.000000000000000
528 2018.000000000000000
529 1983.000000000000000
530 1968.000000000000000
531 1946.000000000000000
532 1911.000000000000000
533 1886.000000000000000
534 1963.000000000000000
535 2053.000000000000000
536 2142.000000000000000
537 2252.000000000000000
538 2384.000000000000000
539 2394.000000000000000
540 2351.000000000000000
541 2364.000000000000000
542 2325.000000000000000
543 2273.000000000000000
544 2304.000000000000000
545 2399.000000000000000
546 2366.000000000000000
547 2378.000000000000000
548 2449.000000000000000
549 2416.000000000000000
550 2352.000000000000000
551 2262.000000000000000
552 2314.000000000000000
553 2355.000000000000000
554 2407.000000000000000
555 2521.000000000000000
556 2546.000000000000000
557 2557.000000000000000
558 2474.000000000000000
559 2431.000000000000000
560 2331.000000000000000
561 2279.000000000000000
562 2249.000000000000000
563 2224.000000000000000
564 2182.000000000000000
565 2126.000000000000000
566 2064.000000000000000
567 1985.000000000000000
568 2031.000000000000000
569 1876.000000000000000
570 1823.000000000000000
571 1854.000000000000000
572 1959.000000000000000
573 2090.000000000000000
574 2149.000000000000000
575 2153.000000000000000
576 2218.000000000000000
577 2205.000000000000000
578 2144.000000000000000
579 2067.000000000000000
580 2011.000000000000000
581 2031.000000000000000
582 1950.000000000000000
583 1886.000000000000000
584 1834.000000000000000
585 1755.000000000000000
586 1678.000000000000000
587 1546.000000000000000
588 1577.000000000000000
589 1616.000000000000000
590 1638.000000000000000
591 1647.000000000000000
592 1696.000000000000000
593 1670.000000000000000
594 1552.000000000000000
595 1596.000000000000000
596 1643.000000000000000
597 1713.000000000000000
598 1715.000000000000000
599 1730.000000000000000
600 1744.000000000000000
601 1778.000000000000000
602 1767.000000000000000
603 1712.000000000000000
604 1718.000000000000000
605 1696.000000000000000
606 1709.000000000000000
607 1761.000000000000000
608 1835.000000000000000
609 1916.000000000000000
610 2006.000000000000000
611 2073.000000000000000
612 2095.000000000000000
613 2021.000000000000000
614 1973.000000000000000
615 2016.000000000000000
616 2047.000000000000000
617 2075.000000000000000
618 2016.000000000000000
619 1932.000000000000000
620 1899.000000000000000
621 1802.000000000000000
622 1747.000000000000000
623 1722.000000000000000
624 1733.000000000000000
625 1818.000000000000000
626 1934.000000000000000
627 1987.000000000000000
628 2125.000000000000000
629 2172.000000000000000
630 2142.000000000000000
631 2149.000000000000000
632 2106.000000000000000
633 2010.000000000000000
634 1954.000000000000000
635 1903.000000000000000
636 1903.000000000000000
637 1923.000000000000000
638 1934.000000000000000
639 1887.000000000000000
640 1744.000000000000000
641 1636.000000000000000
642 1562.000000000000000
643 1582.000000000000000
644 1581.000000000000000
645 1634.000000000000000
646 1757.000000000000000
647 1787.000000000000000
648 1795.000000000000000
649 1781.000000000000000
650 1738.000000000000000
651 1686.000000000000000
652 1689.000000000000000
653 1717.000000000000000
654 1718.000000000000000
655 1708.000000000000000
656 1741.000000000000000
657 1730.000000000000000
658 1687.000000000000000
659 1621.000000000000000
660 1562.000000000000000
661 1524.000000000000000
662 1487.000000000000000
663 1535.000000000000000
664 1631.000000000000000
665 1735.000000000000000
666 1777.000000000000000
667 1808.000000000000000
668 1767.000000000000000
669 1702.000000000000000
670 1638.000000000000000
671 1611.000000000000000
672 1603.000000000000000
673 1603.000000000000000
674 1619.000000000000000
675 1713.000000000000000
676 1750.000000000000000
677 1777.000000000000000
678 1839.000000000000000
679 1901.000000000000000
680 1950.000000000000000
681 1934.000000000000000
682 2032.000000000000000
683 2058.000000000000000
684 2005.000000000000000
685 2064.000000000000000
686 2111.000000000000000
687 2122.000000000000000
688 2142.000000000000000
689 2156.000000000000000
690 2136.000000000000000
691 2119.000000000000000
692 2061.000000000000000
693 2037.000000000000000
694 2047.000000000000000
695 2076.000000000000000
696 2069.000000000000000
697 2055.000000000000000
698 2063.000000000000000
699 2093.000000000000000
700 2175.000000000000000
701 2229.000000000000000
702 2167.000000000000000
703 2202.000000000000000
704 2265.000000000000000
705 2255.000000000000000
706 2241.000000000000000
707 2227.000000000000000
708 2237.000000000000000
709 2207.000000000000000
710 2181.000000000000000
711 2238.000000000000000
712 2251.000000000000000
713 2339.000000000000000
714 2397.000000000000000
715 2411.000000000000000
716 2398.000000000000000
717 2390.000000000000000
718 2416.000000000000000
719 2404.000000000000000
720 2327.000000000000000
721 2255.000000000000000
722 2189.000000000000000
723 2149.000000000000000
724 2155.000000000000000
725 2089.000000000000000
726 2017.000000000000000
727 2015.000000000000000
728 2001.000000000000000
729 1955.000000000000000
730 1893.000000000000000
731 1872.000000000000000
732 1855.000000000000000
733 1891.000000000000000
734 1894.000000000000000
735 1881.000000000000000
736 1946.000000000000000
737 2039.000000000000000
738 2083.000000000000000
739 2076.000000000000000
740 2084.000000000000000
741 2069.000000000000000
742 2053.000000000000000
743 1968.000000000000000
744 1891.000000000000000
745 1809.000000000000000
746 1744.000000000000000
747 1740.000000000000000
748 1769.000000000000000
749 1767.000000000000000
750 1762.000000000000000
751 1792.000000000000000
752 1861.000000000000000
753 1911.000000000000000
754 1969.000000000000000
755 1959.000000000000000
756 1968.000000000000000
757 1961.000000000000000
758 1959.000000000000000
759 1993.000000000000000
760 2035.000000000000000
761 2011.000000000000000
762 1984.000000000000000
763 1968.000000000000000
764 1933.000000000000000
765 1861.000000000000000
766 1842.000000000000000
767 1830.000000000000000
768 1765.000000000000000
769 1769.000000000000000
770 1730.000000000000000
771 1751.000000000000000
772 1835.000000000000000
773 1918.000000000000000
774 1959.000000000000000
775 1994.000000000000000
776 2032.000000000000000
777 2027.000000000000000
778 1916.000000000000000
779 1867.000000000000000
780 1813.000000000000000
781 1788.000000000000000
782 1786.000000000000000
783 1743.000000000000000
784 1711.000000000000000
785 1734.000000000000000
786 1774.000000000000000
787 1774.000000000000000
788 1853.000000000000000
789 1907.000000000000000
790 1963.000000000000000
791 2022.000000000000000
792 2098.000000000000000
793 2159.000000000000000
794 2178.000000000000000
795 2157.000000000000000
796 2153.000000000000000
797 2071.000000000000000
798 2001.000000000000000
799 1968.000000000000000
800 1935.000000000000000
801 1872.000000000000000
802 1754.000000000000000
803 1721.000000000000000
804 1667.000000000000000
805 1595.000000000000000
806 1559.000000000000000
807 1520.000000000000000
808 1555.000000000000000
809 1680.000000000000000
810 1712.000000000000000
811 1766.000000000000000
812 1846.000000000000000
813 1935.000000000000000
814 1951.000000000000000
815 1908.000000000000000
816 1860.000000000000000
817 1785.000000000000000
818 1787.000000000000000
819 1847.000000000000000
820 1857.000000000000000
821 1827.000000000000000
822 1790.000000000000000
823 1773.000000000000000
824 1792.000000000000000
825 1759.000000000000000
826 1711.000000000000000
827 1724.000000000000000
828 1710.000000000000000
829 1673.000000000000000
830 1739.000000000000000
831 1763.000000000000000
832 1850.000000000000000
833 1915.000000000000000
834 1874.000000000000000
835 1827.000000000000000
836 1744.000000000000000
837 1667.000000000000000
838 1627.000000000000000
839 1631.000000000000000
840 1707.000000000000000
841 1712.000000000000000
842 1680.000000000000000
843 1666.000000000000000
844 1659.000000000000000
845 1631.000000000000000
846 1617.000000000000000
847 1721.000000000000000
848 1788.000000000000000
849 1772.000000000000000
850 1776.000000000000000
851 1777.000000000000000
852 1818.000000000000000
853 1833.000000000000000
854 1839.000000000000000
855 1897.000000000000000
856 1945.000000000000000
857 1958.000000000000000
858 1930.000000000000000
859 1954.000000000000000
860 2035.000000000000000
861 2110.000000000000000
862 2094.000000000000000
863 2123.000000000000000
864 2155.000000000000000
865 2073.000000000000000
866 2083.000000000000000
867 2116.000000000000000
868 2170.000000000000000
869 2249.000000000000000
870 2271.000000000000000
871 2358.000000000000000
872 2403.000000000000000
873 2423.000000000000000
874 2462.000000000000000
875 2459.000000000000000
876 2447.000000000000000
877 2347.000000000000000
878 2261.000000000000000
879 2224.000000000000000
880 2277.000000000000000
881 2278.000000000000000
882 2229.000000000000000
883 2239.000000000000000
884 2250.000000000000000
885 2186.000000000000000
886 2119.000000000000000
887 2038.000000000000000
888 1987.000000000000000
889 1998.000000000000000
890 2005.000000000000000
891 2091.000000000000000
892 2144.000000000000000
893 2151.000000000000000
894 2143.000000000000000
895 2087.000000000000000
896 2101.000000000000000
897 2080.000000000000000
898 2025.000000000000000
899 2064.000000000000000
900 2128.000000000000000
901 2079.000000000000000
902 2035.000000000000000
903 1984.000000000000000
904 1968.000000000000000
905 1923.000000000000000
906 1776.000000000000000
907 1725.000000000000000
908 1711.000000000000000
909 1728.000000000000000
910 1751.000000000000000
911 1775.000000000000000
912 1833.000000000000000
913 1806.000000000000000
914 1698.000000000000000
915 1613.000000000000000
916 1526.000000000000000
917 1463.000000000000000
918 1534.000000000000000
919 1616.000000000000000
920 1699.000000000000000
921 1791.000000000000000
922 1797.000000000000000
923 1772.000000000000000
924 1732.000000000000000
925 1680.000000000000000
926 1695.000000000000000
927 1770.000000000000000
928 1878.000000000000000
929 1946.000000000000000
930 1951.000000000000000
931 1973.000000000000000
932 2030.000000000000000
933 2138.000000000000000
934 2148.000000000000000
935 2140.000000000000000
936 2160.000000000000000
937 2138.000000000000000
938 2177.000000000000000
939 2112.000000000000000
940 2090.000000000000000
941 2127.000000000000000
942 2065.000000000000000
943 2085.000000000000000
944 2028.000000000000000
945 2023.000000000000000
946 2075.000000000000000
947 2124.000000000000000
948 2174.000000000000000
949 2153.000000000000000
950 2132.000000000000000
951 2092.000000000000000
952 2092.000000000000000
953 2130.000000000000000
954 2210.000000000000000
955 2251.000000000000000
956 2237.000000000000000
957 2150.000000000000000
958 2019.000000000000000
959 1950.000000000000000
960 1922.000000000000000
961 1930.000000000000000
962 1904.000000000000000
963 1872.000000000000000
964 1870.000000000000000
965 1875.000000000000000
966 1810.000000000000000
967 1762.000000000000000
968 1782.000000000000000
969 1810.000000000000000
970 1822.000000000000000
971 1872.000000000000000
972 1897.000000000000000
973 1904.000000000000000
974 1963.000000000000000
975 1994.000000000000000
976 1932.000000000000000
977 1856.000000000000000
978 1721.000000000000000
979 1646.000000000000000
980 1609.000000000000000
981 1658.000000000000000
982 1744.000000000000000
983 1758.000000000000000
984 1776.000000000000000
985 1680.000000000000000
986 1591.000000000000000
987 1501.000000000000000
988 1456.000000000000000
989 1472.000000000000000
990 1533.000000000000000
991 1633.000000000000000
992 1698.000000000000000
993 1674.000000000000000
994 1654.000000000000000
995 1643.000000000000000
996 1587.000000000000000
997 1529.000000000000000
998 1501.000000000000000
999 1520.000000000000000
1000 1520.000000000000000
1001 1574.000000000000000
1002 1632.000000000000000
1003 1697.000000000000000
1004 1781.000000000000000
1005 1872.000000000000000
1006 1873.000000000000000
1007 1911.000000000000000
1008 1916.000000000000000
1009 1917.000000000000000
1010 2000.000000000000000
1011 2084.000000000000000
1012 2133.000000000000000
1013 2103.000000000000000
1014 2041.000000000000000
1015 2033.000000000000000
1016 1958.000000000000000
1017 1861.000000000000000
1018 1887.000000000000000
1019 1936.000000000000000
1020 1974.000000000000000
1021 1984.000000000000000
1022 1982.000000000000000
1023 1935.000000000000000

mean :1936.00
variance :66997.53
0 0.000217891185553
1 0.000219561066171
2 0.000221240442225
3 0.000222929336018
4 0.000224627769600
5 0.000226335764755
6 0.000228053343008
7 0.000229780525613
8 0.000231517333556
9 0.000233263787547
10 0.000235019908022
11 0.000236785715132
12 0.000238561228748
13 0.000240346468453
14 0.000242141453538
15 0.000243946203002
16 0.000245760735546
17 0.000247585069571
18 0.000249419223174
19 0.000251263214144
20 0.000253117059962
21 0.000254980777793
22 0.000256854384484
23 0.000258737896565
24 0.000260631330240
25 0.000262534701384
26 0.000264448025546
27 0.000266371317936
28 0.000268304593431
29 0.000270247866565
30 0.000272201151530
31 0.000274164462168
32 0.000276137811973
33 0.000278121214083
34 0.000280114681282
35 0.000282118225988
36 0.000284131860262
37 0.000286155595791
38 0.000288189443896
39 0.000290233415522
40 0.000292287521238
41 0.000294351771231
42 0.000296426175306
43 0.000298510742879
44 0.000300605482978
45 0.000302710404235
46 0.000304825514885
47 0.000306950822765
48 0.000309086335308
49 0.000311232059537
50 0.000313388002069
51 0.000315554169106
52 0.000317730566433
53 0.000319917199416
54 0.000322114072999
55 0.000324321191697
56 0.000326538559600
57 0.000328766180361
58 0.000331004057200
59 0.000333252192897
60 0.000335510589791
61 0.000337779249775
62 0.000340058174294
63 0.000342347364342
64 0.000344646820457
65 0.000346956542720
66 0.000349276530754
67 0.000351606783714
68 0.000353947300290
69 0.000356298078704
70 0.000358659116702
71 0.000361030411557
72 0.000363411960060
73 0.000365803758524
74 0.000368205802773
75 0.000370618088147
76 0.000373040609494
77 0.000375473361166
78 0.000377916337023
79 0.000380369530423
80 0.000382832934222
81 0.000385306540771
82 0.000387790341915
83 0.000390284328985
84 0.000392788492801
85 0.000395302823668
86 0.000397827311368
87 0.000400361945166
88 0.000402906713800
89 0.000405461605483
90 0.000408026607895
91 0.000410601708188
92 0.000413186892976
93 0.000415782148338
94 0.000418387459812
95 0.000421002812393
96 0.000423628190532
97 0.000426263578132
98 0.000428908958548
99 0.000431564314579
100 0.000434229628473
101 0.000436904881919
102 0.000439590056047
103 0.000442285131426
104 0.000444990088060
105 0.000447704905387
106 0.000450429562276
107 0.000453164037028
108 0.000455908307367
109 0.000458662350446
110 0.000461426142837
111 0.000464199660537
112 0.000466982878958
113 0.000469775772930
114 0.000472578316700
115 0.000475390483924
116 0.000478212247671
117 0.000481043580419
118 0.000483884454053
119 0.000486734839863
120 0.000489594708541
121 0.000492464030184
122 0.000495342774286
123 0.000498230909741
124 0.000501128404839
125 0.000504035227266
126 0.000506951344099
127 0.000509876721810
128 0.000512811326259
129 0.000515755122697
130 0.000518708075760
131 0.000521670149472
132 0.000524641307240
133 0.000527621511858
134 0.000530610725498
135 0.000533608909714
136 0.000536616025442
137 0.000539632032993
138 0.000542656892057
139 0.000545690561702
140 0.000548733000368
141 0.000551784165871
142 0.000554844015401
143 0.000557912505519
144 0.000560989592157
145 0.000564075230620
146 0.000567169375581
147 0.000570271981081
148 0.000573383000533
149 0.000576502386713
150 0.000579630091770
151 0.000582766067213
152 0.000585910263921
153 0.000589062632139
154 0.000592223121474
155 0.000595391680900
156 0.000598568258755
157 0.000601752802739
158 0.000604945259918
159 0.000608145576722
160 0.000611353698942
161 0.000614569571733
162 0.000617793139613
163 0.000621024346465
164 0.000624263135533
165 0.000627509449424
166 0.000630763230111
167 0.000634024418927
168 0.000637292956570
169 0.000640568783103
170 0.000643851837953
171 0.000647142059910
172 0.000650439387130
173 0.000653743757135
174 0.000657055106812
175 0.000660373372416
176 0.000663698489567
177 0.000667030393255
178 0.000670369017836
179 0.000673714297037
180 0.000677066163956
181 0.000680424551060
182 0.000683789390188
183 0.000687160612552
184 0.000690538148739
185 0.000693921928710
186 0.000697311881802
187 0.000700707936729
188 0.000704110021583
189 0.000707518063837
190 0.000710931990344
191 0.000714351727340
192 0.000717777200444
193 0.000721208334661
194 0.000724645054382
195 0.000728087283388
196 0.000731534944850
197 0.000734987961327
198 0.000738446254778
199 0.000741909746551
200 0.000745378357396
201 0.000748852007459
202 0.000752330616289
203 0.000755814102837
204 0.000759302385460
205 0.000762795381921
206 0.000766293009395
207 0.000769795184466
208 0.000773301823134
209 0.000776812840815
210 0.000780328152342
211 0.000783847671972
212 0.000787371313384
213 0.000790898989684
214 0.000794430613407
215 0.000797966096519
216 0.000801505350421
217 0.000805048285952
218 0.000808594813388
219 0.000812144842451
220 0.000815698282308
221 0.000819255041574
222 0.000822815028316
223 0.000826378150057
224 0.000829944313777
225 0.000833513425918
226 0.000837085392387
227 0.000840660118558
228 0.000844237509278
229 0.000847817468866
230 0.000851399901123
231 0.000854984709328
232 0.000858571796248
233 0.000862161064139
234 0.000865752414748
235 0.000869345749320
236 0.000872940968601
237 0.000876537972838
238 0.000880136661791
239 0.000883736934728
240 0.000887338690435
241 0.000890941827217
242 0.000894546242905
243 0.000898151834858
244 0.000901758499967
245 0.000905366134660
246 0.000908974634907
247 0.000912583896223
248 0.000916193813675
249 0.000919804281883
250 0.000923415195026
251 0.000927026446849
252 0.000930637930662
253 0.000934249539352
254 0.000937861165380
255 0.000941472700794
256 0.000945084037225
257 0.000948695065901
258 0.000952305677643
259 0.000955915762878
260 0.000959525211638
261 0.000963133913568
262 0.000966741757933
263 0.000970348633617
264 0.000973954429134
265 0.000977559032632
266 0.000981162331897
267 0.000984764214359
268 0.000988364567097
269 0.000991963276846
270 0.000995560229999
271 0.000999155312620
272 0.001002748410439
273 0.001006339408866
274 0.001009928192994
275 0.001013514647605
276 0.001017098657174
277 0.001020680105878
278 0.001024258877598
279 0.001027834855929
280 0.001031407924184
281 0.001034977965398
282 0.001038544862339
283 0.001042108497509
284 0.001045668753152
285 0.001049225511262
286 0.001052778653586
287 0.001056328061634
288 0.001059873616682
289 0.001063415199777
290 0.001066952691750
291 0.001070485973216
292 0.001074014924582
293 0.001077539426056
294 0.001081059357649
295 0.001084574599186
296 0.001088085030311
297 0.001091590530492
298 0.001095090979030
299 0.001098586255063
300 0.001102076237576
301 0.001105560805406
302 0.001109039837247
303 0.001112513211660
304 0.001115980807080
305 0.001119442501818
306 0.001122898174075
307 0.001126347701941
308 0.001129790963409
309 0.001133227836379
310 0.001136658198665
311 0.001140081928000
312 0.001143498902049
313 0.001146908998410
314 0.001150312094623
315 0.001153708068179
316 0.001157096796526
317 0.001160478157075
318 0.001163852027209
319 0.001167218284288
320 0.001170576805660
321 0.001173927468664
322 0.001177270150641
323 0.001180604728939
324 0.001183931080921
325 0.001187249083972
326 0.001190558615508
327 0.001193859552981
328 0.001197151773888
329 0.001200435155779
330 0.001203709576262
331 0.001206974913014
332 0.001210231043784
333 0.001213477846406
334 0.001216715198802
335 0.001219942978990
336 0.001223161065096
337 0.001226369335354
338 0.001229567668121
339 0.001232755941880
340 0.001235934035251
341 0.001239101826993
342 0.001242259196018
343 0.001245406021395
344 0.001248542182359
345 0.001251667558317
346 0.001254782028858
347 0.001257885473758
348 0.001260977772991
349 0.001264058806733
350 0.001267128455373
351 0.001270186599516
352 0.001273233119997
353 0.001276267897885
354 0.001279290814489
355 0.001282301751370
356 0.001285300590345
357 0.001288287213496
358 0.001291261503178
359 0.001294223342028
360 0.001297172612969
361 0.001300109199220
362 0.001303032984305
363 0.001305943852056
364 0.001308841686628
365 0.001311726372498
366 0.001314597794479
367 0.001317455837726
368 0.001320300387743
369 0.001323131330389
370 0.001325948551889
371 0.001328751938841
372 0.001331541378219
373 0.001334316757389
374 0.001337077964106
375 0.001339824886532
376 0.001342557413236
377 0.001345275433205
378 0.001347978835850
379 0.001350667511016
380 0.001353341348985
381 0.001356000240487
382 0.001358644076708
383 0.001361272749294
384 0.001363886150360
385 0.001366484172499
386 0.001369066708787
387 0.001371633652790
388 0.001374184898576
389 0.001376720340716
390 0.001379239874294
391 0.001381743394915
392 0.001384230798710
393 0.001386701982348
394 0.001389156843036
395 0.001391595278531
396 0.001394017187147
397 0.001396422467760
398 0.001398811019815
399 0.001401182743337
400 0.001403537538931
401 0.001405875307795
402 0.001408195951726
403 0.001410499373122
404 0.001412785474996
405 0.001415054160978
406 0.001417305335322
407 0.001419538902915
408 0.001421754769281
409 0.001423952840591
410 0.001426133023666
411 0.001428295225986
412 0.001430439355696
413 0.001432565321612
414 0.001434673033227
415 0.001436762400720
416 0.001438833334958
417 0.001440885747507
418 0.001442919550634
419 0.001444934657319
420 0.001446930981254
421 0.001448908436854
422 0.001450866939262
423 0.001452806404355
424 0.001454726748750
425 0.001456627889808
426 0.001458509745646
427 0.001460372235134
428 0.001462215277909
429 0.001464038794376
430 0.001465842705714
431 0.001467626933884
432 0.001469391401634
433 0.001471136032503
434 0.001472860750826
435 0.001474565481743
436 0.001476250151201
437 0.001477914685963
438 0.001479559013607
439 0.001481183062539
440 0.001482786761992
441 0.001484370042035
442 0.001485932833575
443 0.001487475068366
444 0.001488996679009
445 0.001490497598961
446 0.001491977762539
447 0.001493437104922
448 0.001494875562160
449 0.001496293071176
450 0.001497689569770
451 0.001499064996626
452 0.001500419291316
453 0.001501752394301
454 0.001503064246940
455 0.001504354791492
456 0.001505623971120
457 0.001506871729896
458 0.001508098012805
459 0.001509302765748
460 0.001510485935549
461 0.001511647469953
462 0.001512787317638
463 0.001513905428211
464 0.001515001752215
465 0.001516076241137
466 0.001517128847401
467 0.001518159524383
468 0.001519168226407
469 0.001520154908751
470 0.001521119527649
471 0.001522062040296
472 0.001522982404851
473 0.001523880580439
474 0.001524756527154
475 0.001525610206062
476 0.001526441579205
477 0.001527250609604
478 0.001528037261258
479 0.001528801499153
480 0.001529543289259
481 0.001530262598535
482 0.001530959394931
483 0.001531633647391
484 0.001532285325854
485 0.001532914401258
486 0.001533520845540
487 0.001534104631640
488 0.001534665733502
489 0.001535204126077
490 0.001535719785323
491 0.001536212688208
492 0.001536682812712
493 0.001537130137828
494 0.001537554643564
495 0.001537956310944
496 0.001538335122010
497 0.001538691059822
498 0.001539024108462
499 0.001539334253032
500 0.001539621479658
501 0.001539885775487
502 0.001540127128694
503 0.001540345528476
504 0.001540540965060
505 0.001540713429697
506 0.001540862914666
507 0.001540989413276
508 0.001541092919863
509 0.001541173429793
510 0.001541230939461
511 0.001541265446292
512 0.001541276948740
513 0.001541265446292
514 0.001541230939461
515 0.001541173429793
516 0.001541092919863
517 0.001540989413276
518 0.001540862914666
519 0.001540713429697
520 0.001540540965060
521 0.001540345528476
522 0.001540127128694
523 0.001539885775487
524 0.001539621479658
525 0.001539334253032
526 0.001539024108462
527 0.001538691059822
528 0.001538335122010
529 0.001537956310944
530 0.001537554643564
531 0.001537130137828
532 0.001536682812712
533 0.001536212688208
534 0.001535719785323
535 0.001535204126077
536 0.001534665733502
537 0.001534104631640
538 0.001533520845540
539 0.001532914401258
540 0.001532285325854
541 0.001531633647391
542 0.001530959394931
543 0.001530262598535
544 0.001529543289259
545 0.001528801499153
546 0.001528037261258
547 0.001527250609604
548 0.001526441579205
549 0.001525610206062
550 0.001524756527154
551 0.001523880580439
552 0.001522982404851
553 0.001522062040296
554 0.001521119527649
555 0.001520154908751
556 0.001519168226407
557 0.001518159524383
558 0.001517128847401
559 0.001516076241137
560 0.001515001752215
561 0.001513905428211
562 0.001512787317638
563 0.001511647469953
564 0.001510485935549
565 0.001509302765748
566 0.001508098012805
567 0.001506871729896
568 0.001505623971120
569 0.001504354791492
570 0.001503064246940
571 0.001501752394301
572 0.001500419291316
573 0.001499064996626
574 0.001497689569770
575 0.001496293071176
576 0.001494875562160
577 0.001493437104922
578 0.001491977762539
579 0.001490497598961
580 0.001488996679009
581 0.001487475068366
582 0.001485932833575
583 0.001484370042035
584 0.001482786761992
585 0.001481183062539
586 0.001479559013607
587 0.001477914685963
588 0.001476250151201
589 0.001474565481743
590 0.001472860750826
591 0.001471136032503
592 0.001469391401634
593 0.001467626933884
594 0.001465842705714
595 0.001464038794376
596 0.001462215277909
597 0.001460372235134
598 0.001458509745646
599 0.001456627889808
600 0.001454726748750
601 0.001452806404355
602 0.001450866939262
603 0.001448908436854
604 0.001446930981254
605 0.001444934657319
606 0.001442919550634
607 0.001440885747507
608 0.001438833334958
609 0.001436762400720
610 0.001434673033227
611 0.001432565321612
612 0.001430439355696
613 0.001428295225986
614 0.001426133023666
615 0.001423952840591
616 0.001421754769281
617 0.001419538902915
618 0.001417305335322
619 0.001415054160978
620 0.001412785474996
621 0.001410499373122
622 0.001408195951726
623 0.001405875307795
624 0.001403537538931
625 0.001401182743337
626 0.001398811019815
627 0.001396422467760
628 0.001394017187147
629 0.001391595278531
630 0.001389156843036
631 0.001386701982348
632 0.001384230798710
633 0.001381743394915
634 0.001379239874294
635 0.001376720340716
636 0.001374184898576
637 0.001371633652790
638 0.001369066708787
639 0.001366484172499
640 0.001363886150360
641 0.001361272749294
642 0.001358644076708
643 0.001356000240487
644 0.001353341348985
645 0.001350667511016
646 0.001347978835850
647 0.001345275433205
648 0.001342557413236
649 0.001339824886532
650 0.001337077964106
651 0.001334316757389
652 0.001331541378219
653 0.001328751938841
654 0.001325948551889
655 0.001323131330389
656 0.001320300387743
657 0.001317455837726
658 0.001314597794479
659 0.001311726372498
660 0.001308841686628
661 0.001305943852056
662 0.001303032984305
663 0.001300109199220
664 0.001297172612969
665 0.001294223342028
666 0.001291261503178
667 0.001288287213496
668 0.001285300590345
669 0.001282301751370
670 0.001279290814489
671 0.001276267897885
672 0.001273233119997
673 0.001270186599516
674 0.001267128455373
675 0.001264058806733
676 0.001260977772991
677 0.001257885473758
678 0.001254782028858
679 0.001251667558317
680 0.001248542182359
681 0.001245406021395
682 0.001242259196018
683 0.001239101826993
684 0.001235934035251
685 0.001232755941880
686 0.001229567668121
687 0.001226369335354
688 0.001223161065096
689 0.001219942978990
690 0.001216715198802
691 0.001213477846406
692 0.001210231043784
693 0.001206974913014
694 0.001203709576262
695 0.001200435155779
696 0.001197151773888
697 0.001193859552981
698 0.001190558615508
699 0.001187249083972
700 0.001183931080921
701 0.001180604728939
702 0.001177270150641
703 0.001173927468664
704 0.001170576805660
705 0.001167218284288
706 0.001163852027209
707 0.001160478157075
708 0.001157096796526
709 0.001153708068179
710 0.001150312094623
711 0.001146908998410
712 0.001143498902049
713 0.001140081928000
714 0.001136658198665
715 0.001133227836379
716 0.001129790963409
717 0.001126347701941
718 0.001122898174075
719 0.001119442501818
720 0.001115980807080
721 0.001112513211660
722 0.001109039837247
723 0.001105560805406
724 0.001102076237576
725 0.001098586255063
726 0.001095090979030
727 0.001091590530492
728 0.001088085030311
729 0.001084574599186
730 0.001081059357649
731 0.001077539426056
732 0.001074014924582
733 0.001070485973216
734 0.001066952691750
735 0.001063415199777
736 0.001059873616682
737 0.001056328061634
738 0.001052778653586
739 0.001049225511262
740 0.001045668753152
741 0.001042108497509
742 0.001038544862339
743 0.001034977965398
744 0.001031407924184
745 0.001027834855929
746 0.001024258877598
747 0.001020680105878
748 0.001017098657174
749 0.001013514647605
750 0.001009928192994
751 0.001006339408866
752 0.001002748410439
753 0.000999155312620
754 0.000995560229999
755 0.000991963276846
756 0.000988364567097
757 0.000984764214359
758 0.000981162331897
759 0.000977559032632
760 0.000973954429134
761 0.000970348633617
762 0.000966741757933
763 0.000963133913568
764 0.000959525211638
765 0.000955915762878
766 0.000952305677643
767 0.000948695065901
768 0.000945084037225
769 0.000941472700794
770 0.000937861165380
771 0.000934249539352
772 0.000930637930662
773 0.000927026446849
774 0.000923415195026
775 0.000919804281883
776 0.000916193813675
777 0.000912583896223
778 0.000908974634907
779 0.000905366134660
780 0.000901758499967
781 0.000898151834858
782 0.000894546242905
783 0.000890941827217
784 0.000887338690435
785 0.000883736934728
786 0.000880136661791
787 0.000876537972838
788 0.000872940968601
789 0.000869345749320
790 0.000865752414748
791 0.000862161064139
792 0.000858571796248
793 0.000854984709328
794 0.000851399901123
795 0.000847817468866
796 0.000844237509278
797 0.000840660118558
798 0.000837085392387
799 0.000833513425918
800 0.000829944313777
801 0.000826378150057
802 0.000822815028316
803 0.000819255041574
804 0.000815698282308
805 0.000812144842451
806 0.000808594813388
807 0.000805048285952
808 0.000801505350421
809 0.000797966096519
810 0.000794430613407
811 0.000790898989684
812 0.000787371313384
813 0.000783847671972
814 0.000780328152342
815 0.000776812840815
816 0.000773301823134
817 0.000769795184466
818 0.000766293009395
819 0.000762795381921
820 0.000759302385460
821 0.000755814102837
822 0.000752330616289
823 0.000748852007459
824 0.000745378357396
825 0.000741909746551
826 0.000738446254778
827 0.000734987961327
828 0.000731534944850
829 0.000728087283388
830 0.000724645054382
831 0.000721208334661
832 0.000717777200444
833 0.000714351727340
834 0.000710931990344
835 0.000707518063837
836 0.000704110021583
837 0.000700707936729
838 0.000697311881802
839 0.000693921928710
840 0.000690538148739
841 0.000687160612552
842 0.000683789390188
843 0.000680424551060
844 0.000677066163956
845 0.000673714297037
846 0.000670369017836
847 0.000667030393255
848 0.000663698489567
849 0.000660373372416
850 0.000657055106812
851 0.000653743757135
852 0.000650439387130
853 0.000647142059910
854 0.000643851837953
855 0.000640568783103
856 0.000637292956570
857 0.000634024418927
858 0.000630763230111
859 0.000627509449424
860 0.000624263135533
861 0.000621024346465
862 0.000617793139613
863 0.000614569571733
864 0.000611353698942
865 0.000608145576722
866 0.000604945259918
867 0.000601752802739
868 0.000598568258755
869 0.000595391680900
870 0.000592223121474
871 0.000589062632139
872 0.000585910263921
873 0.000582766067213
874 0.000579630091770
875 0.000576502386713
876 0.000573383000533
877 0.000570271981081
878 0.000567169375581
879 0.000564075230620
880 0.000560989592157
881 0.000557912505519
882 0.000554844015401
883 0.000551784165871
884 0.000548733000368
885 0.000545690561702
886 0.000542656892057
887 0.000539632032993
888 0.000536616025442
889 0.000533608909714
890 0.000530610725498
891 0.000527621511858
892 0.000524641307240
893 0.000521670149472
894 0.000518708075760
895 0.000515755122697
896 0.000512811326259
897 0.000509876721810
898 0.000506951344099
899 0.000504035227266
900 0.000501128404839
901 0.000498230909741
902 0.000495342774286
903 0.000492464030184
904 0.000489594708541
905 0.000486734839863
906 0.000483884454053
907 0.000481043580419
908 0.000478212247671
909 0.000475390483924
910 0.000472578316700
911 0.000469775772930
912 0.000466982878958
913 0.000464199660537
914 0.000461426142837
915 0.000458662350446
916 0.000455908307367
917 0.000453164037028
918 0.000450429562276
919 0.000447704905387
920 0.000444990088060
921 0.000442285131426
922 0.000439590056047
923 0.000436904881919
924 0.000434229628473
925 0.000431564314579
926 0.000428908958548
927 0.000426263578132
928 0.000423628190532
929 0.000421002812393
930 0.000418387459812
931 0.000415782148338
932 0.000413186892976
933 0.000410601708188
934 0.000408026607895
935 0.000405461605483
936 0.000402906713800
937 0.000400361945166
938 0.000397827311368
939 0.000395302823668
940 0.000392788492801
941 0.000390284328985
942 0.000387790341915
943 0.000385306540771
944 0.000382832934222
945 0.000380369530423
946 0.000377916337023
947 0.000375473361166
948 0.000373040609494
949 0.000370618088147
950 0.000368205802773
951 0.000365803758524
952 0.000363411960060
953 0.000361030411557
954 0.000358659116702
955 0.000356298078704
956 0.000353947300290
957 0.000351606783714
958 0.000349276530754
959 0.000346956542720
960 0.000344646820457
961 0.000342347364342
962 0.000340058174294
963 0.000337779249775
964 0.000335510589791
965 0.000333252192897
966 0.000331004057200
967 0.000328766180361
968 0.000326538559600
969 0.000324321191697
970 0.000322114072999
971 0.000319917199416
972 0.000317730566433
973 0.000315554169106
974 0.000313388002069
975 0.000311232059537
976 0.000309086335308
977 0.000306950822765
978 0.000304825514885
979 0.000302710404235
980 0.000300605482978
981 0.000298510742879
982 0.000296426175306
983 0.000294351771231
984 0.000292287521238
985 0.000290233415522
986 0.000288189443896
987 0.000286155595791
988 0.000284131860262
989 0.000282118225988
990 0.000280114681282
991 0.000278121214083
992 0.000276137811973
993 0.000274164462168
994 0.000272201151530
995 0.000270247866565
996 0.000268304593431
997 0.000266371317936
998 0.000264448025546
999 0.000262534701384
1000 0.000260631330240
1001 0.000258737896565
1002 0.000256854384484
1003 0.000254980777793
1004 0.000253117059962
1005 0.000251263214144
1006 0.000249419223174
1007 0.000247585069571
1008 0.000245760735546
1009 0.000243946203002
1010 0.000242141453538
1011 0.000240346468453
1012 0.000238561228748
1013 0.000236785715132
1014 0.000235019908022
1015 0.000233263787547
1016 0.000231517333556
1017 0.000229780525613
1018 0.000228053343008
1019 0.000226335764755
1020 0.000224627769600
1021 0.000222929336018
1022 0.000221240442225
1023 0.000219561066171

